7
8
9
17
18
19
53
59
84
92
103
106
109
110
111
113
123
124
125
162
163
164
168
169
170
173
184
190
191
193
197
207
208
209
211
212
214
216
218
222
223
233
235
238
239
240
241
253
257
281
282
289
290
291
296
297
311
321
323
324
344
348
349
359
408
413
417
419
425
427
439
443
444
445
460
468
470
471
472
473
474
475
476
485
487
488
489
495
497
499
500
502
506
514
515
516
517
519
520
521
522
523
524
525
526
527
528
529
530
548
572
580
586
594
599
602
603
604
616
617
620
621
622
623
628
631
637
638
642
643
644
645
646
656
657
658
662
663
664
665
667
676
678
679
684
685
686
687
688
695
696
703
709
710
713
727
728
729
731
732
733
734
735
739
740
741
742
743
744
750
751
752
760
761
762
763
764
765
767
775
776
779
780
782
787
790
791
793
795
796
797
798
800
804
808
814
815
816
817
818
819
821
825
827
835
842
843
844
845
846
856
857
858
861
862
863
864
865
866
867
868
869
870
871
876
877
879
887
888
892
893
894
897
898
899
900
901
904
906
908
912
915
916
919
920
921
929
930
936
937
938
944
945
947
951
952
953
954
956
957
958
959
963
964
965
969
973
978
979
981
982
983
984
992
994
995
996
1000
1001
1002
1004
1006
1007
1015
1016
1020
1021
1026
1039
1040
1041
1051
1056
1064
1065
1066
1072
1073
1078
1080
1083
1089
1090
1091
1092
1093
1097
1099
1100
1101
1102
1112
1113
1114
1115
1116
1117
1118
1122
1124
1126
1127
1128
1129
1131
1133
1135
1136
1140
1141
1143
1144
1146
1147
1148
1153
1155
1159
1160
1166
1169
1171
1177
1178
1180
1181
1182
1185
1187
1189
1192
1193
1196
1204
1205
1206
1210
1211
1213
1219
1220
1221
1223
1226
1229
1231
1232
1233
1234
1235
1238
1239
1245
1246
1247
1248
1249
1250
1255
1260
1262
1265
1266
1269
1270
1271
1272
1274
1277
1278
1279
1281
1287
1289
1293
1295
1299
1300
1302
1308
1309
1312
1314
1315
1321
1322
1323
1325
1326
1329
1330
1331
1332
1333
1335
1338
1340
1341
1342
1343
1344
1346
1348
1349
1356
1358
1359
1366
1371
1373
1375
1376
1382
1383
1388
1390
1391
1394
1395
1397
1399
1400
1401
1405
1406
1407
1408
1409
1410
1412
1414
1416
1417
1420
1421
1422
1423
1426
1427
1429
1430
1434
1437
1442
1444
1445
1446
1448
1449
1450
1451
1460
1461
1463
1464
1466
1469
1470
1472
1473
1476
1478
1482
1489
1490
1492
1494
1505
1509
1512
1519
1520
1523
1528
1530
1535
1538
1539
1540
1547
1548
1550
1551
1552
1553
1555
1557
1558
1559
1561
1562
1563
1564
1565
1566
1568
1569
1570
1571
1572
1574
1575
1576
1578
1579
1580
1586
1587
1588
1589
1590
1591
1592
1593
1594
1595
1596
1597
1598
1600
1602
1603
1605
1607
1609
1615
1624
1625
1626
1631
1635
1650
1651
1652
1653
1655
1656
1657
1658
1659
1660
1661
1662
1663
1665
1666
1669
1672
1673
1674
1675
1676
1679
1680
1685
1687
1688
1689
1691
1692
1693
1695
1698
1699
1700
1703
1705
1712
1714
1715
1717
1718
1719
1720
1721
1722
1723
1724
1725
1726
1727
1730
1732
1733
1738
1739
1749
1750
1751
1757
1759
1763
1764
1765
1768
1776
1778
1779
1781
1782
1787
1789
1792
1794
1796
1797
1798
1800
1801
1802
1803
1804
1805
1806
1807
1813
1816
1817
1818
1819
1820
1821
1822
1823
1829
1830
1836
1837
1841
1843
1844
1845
1846
1847
1848
1849
1850
1851
1852
1853
1854
1856
1857
1858
1859
1862
1864
1867
1873
1874
1875
1876
1878
1879
1882
1883
1884
1889
1890
1891
1895
1896
1900
1902
1903
1904
1905
1907
1908
1910
1920
1921
1922
1924
1925
1927
1928
1929
1934
1937
1938
1941
1942
1943
1946
1947
1950
1951
1952
1953
1954
1957
1959
1965
1966
1967
1968
1970
1971
1972
1975
1976
1977
1982
1983
1984
1985
1987
1990
1992
1993
1994
1995
1996
2004
2008
2012
2013
2014
2019
2020
2021
2024
2026
2027
2028
2029
2030
2031
2032
2033
2034
2035
2036
2038
2039
2040
2042
2043
2058
2059
2060
2061
2062
2068
2069
2070
2071
2073
2074
2075
2079
2081
2085
2086
2087
2088
2089
2090
2091
2092
2093
2094
2096
2098
2099
2100
2102
2104
2105
2112
2119
2120
2125
2142
2143
2144
2145
2146
2148
2150
2151
2152
2153
2156
2160
2161
2162
2163
2164
2165
2166
2167
2168
2170
2171
2197
2199
2201
2204
2206
2207
2208
2210
2213
2216
2217
2220
2221
2222
2223
2224
2225
2226
2237
2238
2243
2244
2245
2247
2249
2250
2251
2252
2253
2254
2255
2257
2258
2260
2264
2267
2268
2269
2270
2271
2272
2277
2280
2281
2283
2284
2285
2290
2291
2293
2294
2296
2297
2298
2299
2300
2301
2302
2303
2304
2306
2307
2308
2311
2313
2314
2315
2316
2318
2319
2321
2323
2324
2325
2326
2328
2329
2330
2331
2332
2334
2338
2340
2341
2344
2346
2347
2348
2349
2350
2351
2352
2358
2390
2391
2392
2393
2397
2398
2400
2401
2410
2412
2414
2415
2416
2418
2421
2422
2423
2425
2426
2429
2430
2431
2432
2433
2434
2435
2437
2439
2441
2442
2443
2444
2447
2448
2449
2450
2451
2454
2455
2458
2461
2465
2468
2473
2475
2476
2478
2480
2481
2482
2485
2486
2488
2492
2493
2495
2496
2500
2504
2505
2506
2507
2508
2516
2521
2528
2529
2530
2533
2537
2539
2540
2541
2542
2543
2544
2545
2546
2547
2549
2550
2551
2552
2553
2554
2555
2556
2557
2558
2559
2560
2561
2562
2563
2564
2565
2566
2567
2568
2569
2572
2576
2577
2578
2579
2580
2581
2582
2583
2586
2587
2588
2589
2590
2591
2592
2593
2594
2595
2596
2597
2598
2599
2602
2604
2608
2610
2613
2615
2617
2622
2628
2629
2631
2632
2644
2647
2648
2654
2655
2656
2658
2659
2660
2661
2662
2667
2668
2669
2670
2671
2672
2674
2675
2676
2678
2679
2680
2681
2682
2683
2684
2685
2687
2688
2690
2691
2692
2694
2695
2696
2698
2699
2702
2708
2710
2711
2712
2717
2719
2720
2721
2722
2724
2725
2726
2729
2731
2732
2733
2735
2738
2740
2741
2742
2743
2744
2745
2746
2747
2760
2762
2763
2764
2767
2771
2774
2776
2783
2785
2791
2792
2793
2794
2796
2797
2800
2804
2806
2809
2820
2821
2825
2828
2829
2836
2837
2838
2840
2843
2844
2845
2846
2848
2849
2850
2853
2854
2855
2857
2861
2864
2866
2872
2873
2876
2882
2885
2888
2889
2893
2900
2905
2906
2907
2910
2913
2921
2923
2932
2933
2937
2941
2946
2947
2952
2953
2954
2955
2956
2958
2960
2967
2978
2980
2981
2983
2984
2988
2989
2990
2992
2993
2996
2997
2998
2999
3003
3005
3008
3012
3015
3019
3041
3042
3043
3044
3046
3050
3053
3054
3058
3068
3070
3071
3072
3074
3075
3077
3079
3082
3093
3097
3100
3101
3102
3106
3107
3115
3116
3119
3120
3126
3128
3129
3130
3132
3134
3135
3145
3147
3150
3152
3156
3158
3209
3213
3215
3216
3219
3220
3224
3226
3229
3230
3232
3233
3234
3235
3236
3237
3241
3242
3248
3252
3254
3255
3258
3260
3262
3263
3264
3265
3266
3268
3270
3274
3275
3276
3278
3279
3284
3286
3287
3292
3294
3297
3304
3305
3307
3310
3312
3315
3317
3318
3320
3321
3322
3328
3332
3339
3341
3342
3346
3350
3351
3352
3353
3358
3360
3361
3363
3364
3365
3366
3367
3369
3374
3375
3377
3387
3389
3390
3391
3395
3396
3398
3400
3402
3403
3405
3406
3407
3408
3409
3410
3411
3414
3415
3417
3419
3420
3421
3423
3428
3429
3433
3434
3435
3437
3439
3440
3443
3444
3446
3447
3448
3449
3450
3451
3452
3454
3455
3457
3459
3460
3462
3463
3464
3465
3466
3467
3474
3475
3476
3478
3480
3481
3482
3484
3485
3486
3487
3488
3490
3491
3492
3495
3498
3499
3502
3505
3506
3507
3514
3521
3523
3525
3527
3530
3531
3532
3540
3543
3551
3552
3553
3557
3558
3559
3561
3562
3564
3565
3566
3567
3568
3571
3572
3573
3574
3581
3582
3583
3587
3588
3589
3614
3646
3668
3673
3720
3743
3745
3750
3751
3752
3756
3757
3758
3759
3760
3764
3765
3766
3767
3769
3771
3773
3775
3778
3779
3780
3781
3782
3783
3784
3785
3786
3787
3788
3790
3795
3796
3797
3798
3800
3801
3802
3803
3805
3806
3807
3808
3809
3810
3811
3812
3813
3814
3815
3816
3818
3819
3820
3821
3822
3823
3824
3825
3827
3829
3830
3831
3832
3833
3835
3836
3837
3838
3839
3841
3843
3844
3846
3847
3849
3850
3851
3852
3853
3854
3858
3860
3861
3863
3864
3865
3866
3867
3869
3872
3875
3878
3883
3893
3898
3900
3901
3902
3903
3904
3905
3906
3907
3908
3909
3910
3912
3919
3920
3925
3927
3931
3932
3933
3934
3935
3937
3938
3940
3943
3944
3945
3946
3947
3948
3949
3950
3951
3953
3955
3956
3957
3958
3960
3961
3963
3964
3965
3966
3967
3969
3972
3973
3974
3975
3976
3978
3979
3980
3982
3985
3990
3991
3992
3993
3996
3997
4000
4001
4002
4003
4004
4005
4006
4009
4010
4011
4019
4020
4022
4023
4026
4029
4030
4031
4032
4036
4040
4046
4047
4048
4049
4050
4051
4052
4053
4056
4058
4060
4067
4070
4083
4086
4098
4099
4106
4107
4108
4113
4117
4119
4124
4125
4134
4140
4152
4153
4155
4168
4181
4187
4188
4194
4201
4205
4224
4230
4234
4236
4259
4267
4268
4277
4285
4300
4301
4302
4303
4305
4309
4312
4319
4321
4322
4333
4340
4341
4347
4349
4351
4355
4356
4367
4374
4375
4378
4383
4384
4398
4400
4427
4432
4435
4440
4446
4447
4451
4455
4462
4464
4467
4471
4472
4473
4475
4477
4488
4508
4524
4538
4540
4541
4542
4544
4547
4552
4578
4584
4585
4598
4600
4603
4606
4608
4620
4626
4638
4642
4653
4677
4678
4680
4686
4693
4714
4720
4723
4734
4735
4737
4748
4760
4762
4763
4771
4773
4778
4779
4790
4799
4810
4814
4815
4817
4820
4823
4831
4847
4856
4863
4875
4876
4885
4886
4900
4907
4916
4917
4918
4925
4926
4935
4948
4949
4951
4953
4954
4970
4984
4987
4990
4992
4993
4994
5002
5004
5007
5008
5014
5016
5017
5018
5019
5020
5021
5022
5025
5026
5027
5028
5029
5030
5031
5033
5034
5037
5038
5039
5040
5041
5043
5044
5045
5046
5047
5049
5050
5051
5052
5053
5056
5057
5058
5059
5061
5062
5063
5064
5066
5067
5069
5070
5076
5077
5081
5090
5096
5097
5100
5104
5106
5108
5114
5116
5118
5119
5125
5126
5127
5134
5136
5137
5138
5139
5146
5147
5149
5158
5170
5171
5175
5176
5177
5179
5180
5186
5202
5205
5206
5208
5209
5210
5212
5213
5221
5223
5225
5228
5239
5248
5255
5263
5265
5269
5270
5272
5273
5274
5278
5281
5285
5289
5291
5294
5297
5300
5301
5302
5311
5320
5323
5327
5336
5349
5356
5358
5366
5373
5374
5375
5376
5380
5381
5382
5383
5384
5385
5388
5390
5391
5393
5395
5396
5397
5405
5407
5410
5411
5412
5413
5414
5415
5418
5421
5424
5430
5432
5433
5436
5437
5438
5439
5440
5441
5442
5443
5444
5445
5448
5449
5451
5452
5453
5454
5456
5460
5463
5464
5466
5467
5468
5469
5471
5472
5473
5475
5476
5478
5482
5483
5485
5486
5488
5490
5493
5494
5496
5498
5499
5500
5502
5504
5506
5507
5510
5512
5513
5514
5515
5516
5517
5518
5520
5521
5522
5523
5525
5526
5527
5530
5532
5534
5537
5539
5540
5542
5543
5545
5546
5548
5549
5550
5551
5552
5554
5555
5556
5557
5558
5559
5560
5561
5562
5564
5565
5566
5567
5569
5570
5572
5573
5574
5575
5576
5582
5584
5585
5594
5595
5598
5599
5600
5604
5608
5612
5615
5616
5621
5622
5625
5626
5630
5633
5638
5649
5651
5692
5694
5695
5696
5697
5705
5706
5708
5709
5712
5713
5714
5715
5716
5717
5718
5719
5720
5721
5722
5723
5724
5725
5726
5727
5728
5729
5730
5731
5732
5733
5734
5735
5736
5737
5738
5739
5740
5741
5742
5744
5745
5746
5747
5749
5750
5751
5752
5753
5754
5755
5756
5757
5758
5761
5762
5763
5764
5765
5766
5769
5770
5776
5784
5786
5787
5788
5789
5791
5792
5793
5794
5795
5796
5797
5798
5800
5802
5806
5807
5808
5809
5810
5831
5833
5838
5839
5843
5844
5845
5846
5847
5848
5849
5851
5852
5853
5854
5855
5856
5857
5858
5859
5860
5861
5863
5864
5866
5867
5868
5869
5870
5871
5872
5873
5876
5877
5879
5880
5882
5885
5886
5887
5888
5889
5893
5895
5896
5897
5898
5899
5900
5901
5902
5903
5904
5905
5906
5908
5909
5910
5911
5912
5914
5915
5918
5920
5921
5922
5923
5924
5925
5926
5927
5929
5930
5931
5933
5934
5936
5937
5938
5939
5940
5941
5942
5944
5946
5947
5948
5949
5951
5955
5956
5958
5959
5963
5965
5966
5968
5970
5973
5975
5977
5978
5979
5981
5989
5990
5991
5992
5993
5994
5995
5997
5998
5999
6000
6001
6004
6006
6007
6008
6010
6012
6013
6014
6015
6016
6017
6018
6020
6021
6022
6023
6032
6033
6035
6036
6037
6038
6039
6041
6042
6043
6044
6046
6049
6052
6053
6055
6057
6058
6059
6060
6062
6064
6069
6070
6071
6072
6074
6075
6077
6083
6084
6086
6087
6088
6089
6090
6091
6092
6093
6136
6144
6158
6159
6160
6161
6162
6164
6170
6172
6174
6175
6176
6177
6178
6179
6180
6181
6183
6186
6187
6188
6190
6246
6250
6252
6254
6256
6258
6260
6262
6264
6266
6268
6270
6286
6288
6289
6295
6298
6301
6302
6304
6306
6308
6310
6311
6312
6319
6320
6325
6326
6330
6332
6333
6335
6337
6339
6340
6341
6344
6345
6351
6352
6353
6354
6355
6357
6358
6359
6360
6361
6369
6373
6375
6376
6378
6379
6380
6381
6384
6385
6386
6387
6388
6389
6390
6392
6394
6395
6396
6398
6399
6400
6402
6403
6404
6405
6407
6408
6413
6414
6415
6418
6422
6423
6424
6425
6427
6430
6431
6432
6433
6434
6435
6438
6439
6440
6441
6442
6445
6446
6447
6448
6449
6452
6453
6454
6463
6470
6474
6476
6477
6478
6479
6480
6523
6524
6525
6526
6532
6572
6652
6692
7092
7112
7132
7172
7312
7352
7392
7492
7612
7652
7692
7712
7752
7792
7892
7912
7952
7972
8232
8272
8292
8312
8332
8512
8592
8672
8692
8712
8752
8772
8792
8812
8832
8892
8932
9032
9052
9092
9132
9192
9352
9392
9432
9472
9512
9552
9592
9632
9652
9692
9792
9832
9872
9892
9932
10006
10007
10060
10061
10080
10086
10107
10112
10192
10212
10252
10255
10272
10312
10332
10352
10372
10432
10452
10472
10476
10492
10532
10552
10564
10572
10592
10607
10611
10612
10632
10692
10732
10772
10832
10872
10892
10912
11152
11192
11292
11352
11392
11432
11452
11458
11472
11492
11512
11532
11552
11612
11632
11652
11672
11692
11712
11732
11792
11812
11830
11832
11852
11872
11890
11892
11907
11912
11929
11932
11936
11952
11972
11987
11988
11989
11994
11999
12000
12001
12006
12008
12012
12014
12017
12018
12022
12026
12027
12044
12052
12055
12056
12072
12092
12102
12103
12112
12116
12132
12152
12168
12172
12192
12235
12352
12372
12392
12432
12452
12472
12492
12512
12552
12572
12592
12612
12672
12792
12932
12992
13032
13052
13092
13232
13392
13512
13552
13572
13592
13652
13672
13692
13732
13812
13832
13852
13912
13932
14092
14152
14232
14252
14432
14512
14532
14892
15072
15132
16192
16532
16652
16672
16692
16772
16832
16892
16932
17012
17092
17132
17152
17172
17192
17212
17232
17272
17412
17512
17572
17632
17932
18012
18032
18172
18192
18252
18332
18432
18452
18512
18532
18552
18592
18612
18672
18692
18732
18812
18872
18972
18992
19032
19112
19132
19172
19212
19332
19392
19432
19452
19532
19552
19572
19592
19612
19632
19652
19672
19712
19732
19752
19772
19792
19812
19832
19852
19892
19932
19952
19972
19992
20001
20002
20004
20007
20008
20009
20010
20011
20012
20015
20016
20017
20018
20020
20022
20024
20025
20026
20029
20031
20032
20033
20034
20035
20037
20038
20039
20041
20042
20044
20046
20047
20048
20049
20050
20051
20053
20055
20056
20057
20058
20059
20060
20061
20062
20063
20064
20065
20066
20067
20069
20070
20071
20072
20074
20075
20076
20077
20080
20081
20085
20086
20087
20091
20092
20093
20094
20095
20096
20097
20098
20099
20100
20102
20103
20105
20108
20109
20110
20111
20112
20116
20118
20119
20120
20122
20123
20124
20125
20126
20127
20128
20129
20131
20132
20133
20136
20137
20139
20141
20142
20144
20145
20146
20149
20150
20152
20154
20161
20168
20169
20171
20172
20173
20175
20176
20177
20178
20179
20180
20181
20183
20184
20185
20186
20187
20188
20189
20190
20191
20192
20193
20194
20195
20196
20197
20198
20199
20200
20201
20202
20203
20204
20205
20206
20207
20208
20209
20210
20211
20215
20217
20218
20219
20220
20222
20231
20232
20234
20235
20237
20240
20241
20243
20245
20246
20247
20248
20249
20250
20251
20253
20256
20257
20258
20259
20260
20262
20263
20264
20265
20266
20267
20272
20274
20277
20278
20279
20285
20288
20290
20291
20292
20294
20298
20299
20300
20302
20304
20305
20306
20308
20309
20310
20311
20312
20313
20314
20315
20316
20317
20318
20319
20321
20323
20324
20325
20326
20327
20328
20330
20331
20332
20333
20334
20335
20336
20337
20338
20339
20340
20341
20342
20343
20344
20345
20346
20347
20348
20349
20350
20351
20352
20353
20355
20356
20357
20358
20359
20360
20361
20362
20363
20364
20365
20366
20367
20368
20369
20370
20371
20372
20373
20374
20375
20376
20377
20378
20379
20380
20381
20382
20386
20387
20388
20389
20390
20391
20392
20393
20394
20395
20396
20397
20398
20399
20400
20401
20402
20403
20404
20405
20406
20407
20408
20409
20410
20411
20412
20413
20417
20418
20419
20421
20422
20423
20424
20425
20426
20428
20429
20430
20431
20432
20433
20434
20435
20436
20437
20438
20439
20441
20442
20443
20445
20446
20447
20448
20449
20450
20451
20452
20453
20454
20455
20457
20458
20459
20460
20461
20462
20463
20464
20466
20467
20471
20473
20475
20476
20477
20480
20481
20482
20483
20484
20485
20486
20487
20489
20490
20491
20492
20493
20494
20495
20497
20499
20500
20501
20503
20504
20505
20507
20508
20509
20510
20511
20512
20513
20514
20516
20518
20519
20520
20522
20523
20524
20525
20526
20527
20529
20530
20532
20535
20536
20537
20538
20539
20540
20541
20542
20543
20545
20547
20548
20549
20550
20551
20552
20553
20555
20556
20557
20559
20560
20561
20562
20563
20564
20565
20566
20567
20568
20569
20570
20571
20572
20573
20574
20575
20576
20577
20578
20579
20581
20582
20583
20584
20586
20587
20588
20589
20590
20591
20592
20595
20598
20601
20602
20604
20605
20606
20607
20608
20609
20610
20611
20612
20613
20614
20615
20616
20617
20618
20619
20620
20621
20622
20623
20625
20626
20627
20628
20629
20630
20631
20632
20634
20635
20636
20637
20638
20639
20640
20641
20642
20643
20644
20645
20646
20647
20648
20649
20650
20651
20652
20653
20654
20655
20656
20657
20658
20659
20661
20662
20663
20664
20665
20666
20667
20669
20670
20671
20672
20674
20675
20676
20683
20686
20687
20689
20691
20692
20693
20695
20697
20701
20702
20704
20705
20706
20709
20714
20715
20718
20723
20724
20725
20726
20728
20730
20731
20732
20733
20735
20736
20738
20740
20741
20742
20743
20744
20746
20747
20748
20750
20752
20756
20758
20760
20762
20767
20769
20772
20773
20775
20778
20779
20780
20781
20782
20783
20784
20790
20791
20792
20801
20809
20810
20812
20814
20816
20818
20819
20821
20826
20829
20832
20833
20848
20852
20853
20854
20858
20860
20861
20865
20868
20870
20871
20872
20882
20886
20890
20893
20895
20896
20899
20900
20901
20902
20904
20905
20908
20915
20917
20919
20923
20924
20934
20937
20938
20940
20943
20944
20946
20947
20953
20956
20957
20958
20959
20960
20963
20966
20967
20968
20972
20973
20976
20980
20982
20983
20987
20988
20991
20993
20994
20996
20997
21001
21003
21004
21005
21007
21009
21011
21015
21016
21023
21024
21026
21028
21032
21033
21037
21040
21043
21044
21046
21047
21048
21049
21050
21052
21054
21055
21057
21058
21059
21060
21061
21063
21064
21065
21066
21067
21068
21069
21070
21071
21072
21076
21077
21078
21080
21081
21084
21085
21086
21087
21088
21089
21090
21091
21092
21093
21094
21095
21096
21097
21098
21099
21100
21101
21102
21103
21104
21105
21106
21108
21112
21115
21116
21120
21121
21123
21125
21126
21127
21129
21130
21131
21132
21133
21134
21136
21137
21138
21140
21141
21144
21145
21146
21147
21148
21149
21150
21151
21152
21153
21154
21156
21157
21159
21162
21163
21164
21166
21168
21169
21170
21171
21172
21174
21175
21176
21177
21178
21182
21186
21190
21192
21201
21211
21212
21213
21214
21215
21216
21217
21218
21220
21221
21222
21223
21224
21225
21227
21228
21229
21231
21232
21233
21235
21236
21238
21239
21243
21251
21252
21253
21254
21255
21258
21259
21260
21263
21264
21265
21267
21268
21270
21272
21273
21274
21276
21277
21278
21279
21280
21281
21282
21283
21285
21286
21287
21288
21294
21295
21296
21299
21300
21301
21302
21311
21313
21316
21319
21320
21321
21325
21328
21330
21331
21332
21333
21334
21335
21338
21339
21340
21341
21342
21343
21344
21345
21346
21347
21348
21349
21350
21351
21352
21354
21355
21356
21357
21361
21362
21363
21365
21366
21367
21370
21371
21373
21375
21376
21377
21378
21379
21380
21381
21382
21383
21384
21385
21386
21387
21389
21390
21391
21393
21394
21395
21396
21397
21398
21399
21400
21401
21402
21403
21404
21405
21406
21407
21408
21409
21410
21412
21413
21414
21415
21416
21417
21420
21422
21423
21424
21425
21426
21427
21430
21433
21437
21441
21442
21444
21447
21450
21452
21453
21454
21455
21456
21457
21458
21470
21479
21480
21481
21482
21483
21484
21485
21486
21492
21494
21505
21519
21520
21521
21522
21523
21524
21526
21528
21529
21530
21532
21533
21536
21538
21540
21544
21546
21548
21551
21552
21560
21563
21569
21574
21579
21580
21583
21584
21586
21588
21600
21601
21614
21620
21623
21625
21632
21637
21638
21639
21640
21643
21644
21646
21647
21650
21651
21652
21653
21655
21664
21667
21671
21672
21673
21686
21692
21732
21752
21772
21792
21872
21892
21912
21932
22052
22112
22132
22152
22172
22192
22212
22232
22252
22292
22352
22472
22512
22532
22592
22612
22632
22972
22992
23032
23052
23092
23132
23172
23192
23252
23292
23352
23432
23452
23472
23492
23512
23552
23632
23692
23772
23792
23932
23972
23992
24012
24032
24072
24132
24192
24212
24252
24272
24292
24312
24332
24352
24372
24392
24412
24432
24472
24492
24552
24592
24612
24652
24672
24712
24732
24772
24792
24852
24872
24892
24912
24932
24952
24972
24992
25012
25112
25132
25172
25192
25212
25272
25292
25312
25332
25372
25432
25472
25492
25572
25732
25772
25792
25832
25852
25872
25912
25932
26112
26132
26172
26192
26232
26272
26292
26332
26352
26372
26392
26452
26472
26572
26652
26672
26692
26712
26772
26792
26832
26872
26892
26932
26972
27012
27052
27072
27092
27112
27132
27152
27232
27252
27272
27292
27332
27352
27372
27392
27472
27492
27532
27552
27592
27652
27672
27692
27712
27732
27772
27792
27812
27832
27852
27912
27932
27952
27992
28012
28052
28152
28212
28472
28512
28532
28572
28592
28632
28672
28712
28732
28792
28832
28932
28952
29072
29112
29132
29172
29252
29292
29452
29512
29592
29632
29672
29692
29752
29792
29832
29852
29872
29892
29912
29932
29972
29992
30012
30072
30092
30112
30212
30232
30272
30292
30332
30372
30452
30532
30552
30572
30612
30652
30672
30772
30792
30812
30872
30952
30992
31072
31152
31272
31292
31412
31432
31492
31532
31612
31672
31712
31752
31772
31792
31812
31832
31852
32192
32292
32392
32452
32472
32492
32532
32592
32632
32672
32732
32752
32772
32792
32832
32872
32952
32992
33012
33052
33092
33132
33152
33212
33232
33252
33272
33512
33552
33572
33592
33632
33652
33692
33712
33872
33932
33952
33992
34052
34072
34092
34152
34172
34192
34252
34312
34352
34392
34412
34452
34472
34512
34532
34572
34592
34632
34652
34712
34752
34772
34812
34852
34872
34892
34932
35092
35112
35132
35172
35232
35252
35312
35372
35412
35572
35592
35612
35632
35672
35692
35712
35732
35752
35772
35812
35832
35852
35872
35892
35952
35972
35992
36012
36032
36052
36072
36092
36112
36132
36152
36172
36192
36212
36232
36252
36272
36312
36332
36352
36392
36412
36472
36492
36512
36532
36552
36572
36592
36632
36692
36712
36792
36832
36852
36872
36912
36932
36972
36992
37012
37032
37052
37072
37112
37132
37152
37252
37272
37312
37352
37372
37392
37412
37432
37472
37492
37512
37532
37572
37592
37612
37652
37672
37732
37812
37832
37852
37892
37912
37932
37992
38012
38032
38052
38092
38132
38172
38212
38232
38252
38272
38292
38312
38332
38352
38372
38392
38412
38472
38492
38532
38592
38612
38632
38652
38672
38692
38752
38772
38812
38832
38852
38892
38932
38952
38972
38992
39012
39092
39112
39152
39172
39192
39232
39272
39332
39372
39412
39452
39492
39512
39552
39572
39592
39612
39632
39672
39712
39732
39752
39772
39812
39832
39892
39912
39952
39992
40012
40032
40052
40072
40092
40112
40132
40152
40172
40192
40212
40232
40252
40272
40292
40312
40332
40352
40372
40392
40412
40432
40512
40592
40712
40772
40792
40872
40932
41012
41032
41112
41132
41152
41192
41212
41372
41432
41452
41512
41532
41552
41572
41592
41612
41632
41652
41672
41692
41832
41872
41912
41972
42012
42052
42072
42092
42112
42132
42152
42192
42232
42252
42272
42312
42372
42392
42492
42512
42532
42552
42592
42632
42692
42712
42732
42752
42772
42812
42832
42872
42892
42932
42972
42992
43012
43032
43052
43072
43092
43132
43152
43172
43192
43212
43232
43332
43352
43372
43432
43492
43512
43532
43612
43652
43712
43752
43772
43792
43812
43832
43852
43872
43892
43912
43932
43952
43972
43992
44012
44032
44052
44092
44132
44172
44192
44212
44232
44252
44292
44312
44352
44372
44432
44452
44492
44512
44552
44592
44612
44632
44672
44692
44712
44732
44752
44772
44792
44812
44832
44852
44932
44972
45012
45172
45212
45232
45312
45332
45372
45412
45432
45492
45532
45552
45572
45612
45632
45652
45672
45692
45712
45732
45752
45792
45812
45832
45912
45932
45972
45992
46012
46032
46052
46092
46112
46172
46212
46232
46252
46312
46332
46372
46392
46412
46432
46472
46512
46532
46552
46592
46612
46632
46652
46672
46692
46712
46732
46772
46792
46812
46852
46872
46892
46932
46992
47052
47072
47092
47132
47152
47192
47272
47292
47312
47412
47452
47532
47632
47652
47672
47712
47732
47752
47772
47812
47832
47852
47872
47892
47952
47972
48072
48112
48152
48192
48212
48232
48252
48312
48452
48472
48532
48572
48632
48752
48812
48852
48952
48992
49012
49032
49052
49092
49112
49132
49192
49252
49272
49292
49392
49412
49432
49472
49492
49512
49532
49572
49592
49632
49672
49732
49932
50012
50052
50072
50092
50112
50132
50152
50172
50192
50252
50272
50332
50352
50392
50432
50492
50532
50552
50612
50632
50692
50732
50752
50772
50792
50812
50832
50852
50872
50892
50912
50952
50972
51032
51232
51252
51292
51312
51532
51552
51592
51612
51632
51672
51692
51752
51792
51812
51832
51852
51892
51912
51932
51952
51972
52012
52052
52072
52112
52152
52172
52192
52272
52312
52452
52492
52512
52532
52572
52592
52772
52792
52832
